0 0.273320 0.461965 0.032109 0.029681
0 0.438078 0.582187 0.048578 0.062819
0 0.990824 0.642319 0.018023 0.057972
0 0.465137 0.518382 0.049180 0.060292
0 0.378691 0.512472 0.041227 0.050833
0 0.386672 0.483514 0.037234 0.026000
0 0.542254 0.576896 0.053195 0.080375
0 0.664930 0.465778 0.043219 0.042556
0 0.513664 0.429132 0.046547 0.035458
0 0.465125 0.454549 0.035906 0.027181
0 0.388996 0.445111 0.064492 0.036611
0 0.323504 0.446278 0.042555 0.036639
0 0.234742 0.470514 0.028594 0.023639
0 0.234742 0.438000 0.033906 0.036639
0 0.296246 0.406674 0.030586 0.030736
0 0.225098 0.410222 0.021273 0.026000
0 0.270313 0.438597 0.031922 0.021278
0 0.264613 0.898542 0.117039 0.191667
0 0.328891 0.540125 0.043625 0.061639
0 0.623305 0.679708 0.078016 0.101861
0 0.340043 0.416785 0.031586 0.020931
0 0.476270 0.632667 0.059898 0.081889
0 0.700043 0.537701 0.057023 0.058625
0 0.736105 0.518403 0.052773 0.050639
0 0.285625 0.625569 0.053938 0.103528
0 0.616543 0.497646 0.051570 0.059653
0 0.842543 0.615944 0.072773 0.069472
0 0.778332 0.642958 0.087617 0.117111
0 0.552844 0.472118 0.052297 0.055625
0 0.292566 0.503799 0.040148 0.049764
