0 0.634809 0.561507 0.047273 0.050625
0 0.307414 0.529340 0.047016 0.072653
0 0.239656 0.521167 0.040266 0.063167
0 0.382117 0.624201 0.050766 0.077236
0 0.563270 0.489139 0.044352 0.043250
0 0.340457 0.421069 0.031586 0.039028
0 0.423809 0.421687 0.037070 0.034153
0 0.507133 0.464465 0.040359 0.037986
0 0.874926 0.697778 0.079148 0.081972
0 0.273965 0.839493 0.085648 0.135764
0 0.853082 0.942514 0.107055 0.108250
0 0.292754 0.464382 0.040508 0.038958
0 0.346211 0.494486 0.035859 0.047222
0 0.830715 0.612056 0.071617 0.062139
0 0.985582 0.636264 0.028383 0.087583
0 0.568500 0.446299 0.046047 0.033153
0 0.664758 0.521965 0.043828 0.044931
0 0.599680 0.639882 0.073891 0.090986
0 0.434797 0.897840 0.103969 0.192292
0 0.188199 0.396660 0.023273 0.027236
0 0.253023 0.404313 0.026594 0.030736
