0 0.612879 0.505021 0.050727 0.048792
0 0.228277 0.923375 0.096461 0.146306
0 0.426609 0.944097 0.117250 0.102000
0 0.474445 0.467375 0.056922 0.043306
0 0.825617 0.553174 0.072453 0.071042
0 0.765852 0.602361 0.068687 0.075500
0 0.559059 0.775174 0.082117 0.124764
0 0.835090 0.689382 0.090305 0.084542
0 0.485961 0.466681 0.033984 0.043111
0 0.555629 0.460847 0.035242 0.038972
0 0.282715 0.652715 0.056102 0.099875
0 0.323359 0.515882 0.047531 0.090819
0 0.502848 0.649896 0.069930 0.107847
0 0.245195 0.468882 0.037844 0.045958
0 0.352063 0.438153 0.024984 0.019639
0 0.396699 0.429840 0.020930 0.020986
0 0.262785 0.542715 0.042414 0.070958
0 0.323086 0.421500 0.024922 0.023667
0 0.304363 0.400799 0.024117 0.017736
0 0.271102 0.403757 0.025781 0.032514
0 0.200418 0.393403 0.029102 0.038444
0 0.971707 0.718646 0.054883 0.091653
0 0.617043 0.451819 0.042414 0.031083
