0 0.821996 0.559021 0.068773 0.055764
0 0.344129 0.429160 0.020852 0.034208
0 0.364180 0.412049 0.014437 0.025653
0 0.302430 0.422743 0.030469 0.024236
0 0.285590 0.402778 0.019242 0.027083
0 0.249902 0.402743 0.021648 0.027153
0 0.388805 0.425000 0.028031 0.029167
0 0.258465 0.553889 0.041039 0.077500
0 0.467633 0.971917 0.115484 0.053306
0 0.628828 0.869694 0.123500 0.156833
0 0.257922 0.946257 0.097031 0.107486
0 0.275563 0.487611 0.039297 0.037056
0 0.375809 0.501861 0.040898 0.057028
0 0.319273 0.476917 0.036891 0.029944
0 0.955594 0.604542 0.060469 0.071000
0 0.565293 0.478840 0.051898 0.052153
0 0.682031 0.497563 0.052500 0.052875
0 0.800590 0.506889 0.063258 0.047667
0 0.567648 0.498556 0.055547 0.091250
0 0.778430 0.655236 0.084578 0.071583
0 0.332496 0.536979 0.043039 0.062375
0 0.301055 0.650069 0.051656 0.093056
0 0.424316 0.566549 0.052336 0.080403
0 0.709703 0.551840 0.060687 0.062014
