0 0.528711 0.726479 0.068359 0.103097
0 0.434094 0.935458 0.130563 0.129083
0 0.456922 0.587201 0.055906 0.070347
0 0.276934 0.604681 0.046836 0.076667
0 0.454484 0.520264 0.047344 0.057694
0 0.785410 0.561993 0.099039 0.095264
0 0.850078 0.562396 0.061766 0.079153
0 0.718422 0.604090 0.064609 0.080347
0 0.820371 0.922667 0.163008 0.147833
0 0.482750 0.459958 0.040453 0.051111
0 0.306184 0.413299 0.020102 0.019597
0 0.613719 0.476444 0.036594 0.034639
0 0.575605 0.480167 0.052039 0.051056
0 0.482926 0.471910 0.041492 0.029542
0 0.386320 0.626479 0.060344 0.094069
0 0.591023 0.523118 0.037328 0.045514
0 0.347707 0.489069 0.046352 0.055333
0 0.265930 0.484944 0.041719 0.047083
0 0.258148 0.552049 0.040719 0.051792
0 0.373691 0.439924 0.036758 0.032375
0 0.409305 0.434917 0.029828 0.035306
0 0.249875 0.399604 0.024172 0.020014
0 0.780305 0.422167 0.038844 0.049917
0 0.212664 0.405757 0.024234 0.026653
0 0.170359 0.394500 0.018844 0.025944
0 0.184973 0.390375 0.010383 0.023250
