0 0.850840 0.694007 0.089523 0.083181
0 0.340656 0.542938 0.051359 0.061986
0 0.284801 0.690958 0.060633 0.132806
0 0.409402 0.675194 0.059086 0.113833
0 0.456187 0.604014 0.051344 0.077194
0 0.715336 0.513646 0.055375 0.059792
0 0.700340 0.598917 0.066695 0.071306
0 0.267227 0.587076 0.047422 0.076542
0 0.239063 0.411361 0.036875 0.032833
0 0.209402 0.404917 0.020852 0.025667
0 0.521508 0.653722 0.071312 0.110250
0 0.447586 0.467653 0.040094 0.042778
0 0.489687 0.432722 0.039297 0.047056
0 0.411098 0.537514 0.064961 0.071278
0 0.673738 0.964792 0.107461 0.070417
0 0.234664 0.523257 0.040906 0.054181
0 0.265141 0.484757 0.039297 0.037069
0 0.774734 0.870417 0.118641 0.148306
0 0.227445 0.454826 0.039297 0.037069
0 0.313867 0.415049 0.029781 0.041597
0 0.366016 0.424792 0.040141 0.047306
0 0.246949 0.907264 0.098727 0.153556
0 0.877773 0.645674 0.082687 0.071264
0 0.576258 0.483083 0.050875 0.052889
