0 0.560852 0.510090 0.048672 0.048569
0 0.267316 0.539250 0.040164 0.069194
0 0.502387 0.554028 0.049195 0.056472
0 0.240484 0.466326 0.041906 0.049708
0 0.345621 0.431153 0.035242 0.028361
0 0.435871 0.438590 0.031914 0.035458
0 0.451496 0.959840 0.126992 0.080319
0 0.224434 0.425000 0.034570 0.027194
0 0.427895 0.501243 0.043883 0.056736
0 0.368383 0.514243 0.047203 0.059097
0 0.866848 0.720812 0.096039 0.097514
0 0.732340 0.620500 0.064383 0.076222
0 0.659371 0.514181 0.059820 0.047861
0 0.396125 0.691528 0.059344 0.093444
0 0.620637 0.550562 0.052273 0.055542
0 0.745027 0.559569 0.055695 0.054778
0 0.779273 0.545604 0.044672 0.039958
0 0.227262 0.470313 0.069102 0.060264
0 0.289469 0.501903 0.037484 0.041806
