0 0.258012 0.411403 0.032586 0.026000
0 0.333816 0.486021 0.042555 0.046042
0 0.322051 0.417250 0.041477 0.034167
0 0.293238 0.778486 0.072430 0.150000
0 0.737738 0.492535 0.051555 0.051847
0 0.748547 0.577972 0.070609 0.064361
0 0.544289 0.733528 0.073797 0.110306
0 0.301063 0.596229 0.042797 0.074347
0 0.897281 0.460250 0.070922 0.064389
0 0.508844 0.566375 0.054641 0.063167
0 0.292254 0.506646 0.039008 0.062097
0 0.251699 0.551090 0.041086 0.049458
0 0.913605 0.577306 0.082945 0.086500
0 0.328020 0.540181 0.038570 0.065361
0 0.432035 0.509146 0.052320 0.059625
0 0.373668 0.473368 0.034883 0.050097
0 0.404180 0.414951 0.038203 0.033431
0 0.257617 0.469194 0.030859 0.058444
0 0.290152 0.441764 0.038242 0.041750
0 0.735074 0.800299 0.117023 0.170208
0 0.211801 0.407271 0.018617 0.024819
