0 0.265844 0.408167 0.021500 0.017778
0 0.238594 0.534389 0.037000 0.048000
0 0.272844 0.486389 0.039500 0.042667
0 0.430082 0.438389 0.027992 0.040889
0 0.309340 0.468167 0.030492 0.047111
0 0.635223 0.557438 0.058961 0.051931
0 0.686523 0.742688 0.090188 0.116347
0 0.497332 0.481389 0.042758 0.038750
0 0.462691 0.949444 0.114289 0.095083
0 0.762918 0.409319 0.037430 0.050444
0 0.965617 0.707667 0.064375 0.065278
0 0.597074 0.461056 0.026992 0.047111
0 0.395840 0.444611 0.034492 0.033778
0 0.478582 0.613931 0.059992 0.093333
0 0.379074 0.617049 0.060023 0.101319
0 0.772852 0.652861 0.078312 0.090583
0 0.814422 0.519597 0.059906 0.057917
0 0.768801 0.568944 0.067367 0.067306
0 0.608117 0.889674 0.110719 0.182292
0 0.275813 0.707993 0.062688 0.101264
0 0.271941 0.832722 0.080508 0.161889
0 0.555617 0.464118 0.052359 0.039347
0 0.326355 0.426215 0.034852 0.017153
0 0.318590 0.405056 0.024992 0.020444
0 0.193094 0.398882 0.018000 0.016986
0 0.237344 0.408611 0.022500 0.029333
