0 0.447281 0.573403 0.053781 0.065833
0 0.610254 0.474090 0.050336 0.051625
0 0.264352 0.413354 0.021672 0.031125
0 0.449988 0.471215 0.030477 0.029931
0 0.469238 0.425590 0.052930 0.038486
0 0.539008 0.434854 0.036891 0.037069
0 0.498910 0.484757 0.040102 0.045625
0 0.234664 0.523972 0.037688 0.044194
0 0.342125 0.492597 0.042500 0.052750
0 0.329695 0.547493 0.041703 0.054181
0 0.276363 0.583132 0.040898 0.051319
0 0.285187 0.633028 0.052125 0.057028
0 0.663152 0.476292 0.043758 0.030861
0 0.840418 0.959729 0.047195 0.068264
0 0.282738 0.782111 0.078508 0.169556
0 0.936516 0.692208 0.085641 0.076556
0 0.979398 0.580125 0.041125 0.071694
0 0.395859 0.448403 0.026469 0.038500
0 0.265141 0.448403 0.039297 0.029944
0 0.677750 0.964076 0.104250 0.071847
0 0.313598 0.416493 0.026461 0.024236
0 0.547488 0.578104 0.073570 0.099042
0 0.811191 0.676153 0.085023 0.082917
0 0.682719 0.721694 0.086203 0.128083
0 0.522504 0.693181 0.066523 0.116250
0 0.676910 0.580743 0.062211 0.066819
0 0.929129 0.608486 0.083602 0.075306
0 0.397578 0.657521 0.069687 0.137236
0 0.596523 0.529813 0.038641 0.048931
