0 0.203613 0.402410 0.022133 0.020264
0 0.326711 0.417910 0.029516 0.025042
0 0.972391 0.729160 0.054344 0.125264
0 0.833863 0.544326 0.092570 0.067986
0 0.428680 0.422688 0.026828 0.029819
0 0.383398 0.425069 0.027500 0.034583
0 0.626020 0.500764 0.052102 0.044028
0 0.242523 0.429819 0.030187 0.027472
0 0.287266 0.596528 0.069062 0.161389
0 0.247281 0.517951 0.044063 0.075069
0 0.257281 0.460222 0.036891 0.030944
0 0.596484 0.532611 0.048922 0.048000
0 0.722699 0.548438 0.064523 0.070153
0 0.518441 0.438174 0.041133 0.056625
0 0.839027 0.618604 0.091758 0.080875
0 0.499820 0.556868 0.065250 0.073042
0 0.532348 0.674667 0.070008 0.105194
0 0.491508 0.462472 0.038531 0.040222
0 0.447813 0.457743 0.046500 0.048264
0 0.440617 0.581764 0.052109 0.067083
0 0.353422 0.465382 0.048797 0.066292
0 0.342871 0.543014 0.040086 0.067778
0 0.179801 0.391083 0.013414 0.014306
0 0.284793 0.404167 0.026148 0.035833
